0 0 0 0 0 0 0 0 0 0 0 0 0 0 0 0 0 0 0 0 0 0 0 0 0 0 0 0 0 0 0 0 0 0 0 0 0 0 0 0 0 0 0 0 0 0 0 0
0 0 0 0 0 0 0 0 0 0 0 0 0 0 0 0 0 0 0 2 4 0 0 0 0 0 0 0 0 0 0 0 0 0 0 0 0 0 0 0 0 0 0 0 0 0 0 0
0 0 0 0 0 0 0 0 0 0 0 0 0 0 0 0 0 0 2 9 11 4 0 0 0 0 0 0 0 2 1 1 1 1 1 1 1 4 0 0 0 0 0 0 0 0 0 0
0 0 0 0 0 0 0 0 0 0 0 0 0 0 0 0 0 0 3 8 10 14 15 0 0 0 2 1 1 9 13 21 13 13 43 41 13 11 1 1 1 1 4 0 0 0 0 0
0 0 0 0 0 16 0 0 0 2 1 1 1 4 0 0 0 0 0 0 3 5 0 0 2 1 9 13 13 13 30 13 13 43 39 37 33 33 33 41 13 28 7 0 0 0 0 0
0 0 0 0 0 0 2 1 1 9 13 13 13 11 1 1 4 0 0 0 0 0 0 0 6 13 13 13 21 13 30 26 23 42 38 0 0 0 0 37 41 13 11 4 0 0 0 0
0 0 0 0 0 2 9 13 13 13 13 13 43 33 33 41 11 1 4 0 0 0 0 0 6 13 13 29 13 13 13 13 13 26 42 38 0 0 0 0 37 41 13 11 4 0 0 0
0 0 0 0 2 9 13 13 21 13 13 13 42 38 0 37 41 13 11 1 4 0 0 0 3 10 13 13 13 29 13 13 32 26 13 42 38 0 0 0 0 37 41 13 7 0 0 0
0 0 0 0 6 13 13 21 13 13 13 13 30 42 38 0 34 13 13 13 11 4 0 0 0 3 10 13 13 13 21 13 21 13 13 26 42 1 38 0 0 0 37 41 7 0 0 0
0 0 0 0 6 13 22 13 13 13 13 13 31 13 42 38 34 28 13 13 26 11 4 0 0 0 6 13 13 13 24 13 32 13 13 13 13 43 39 0 48 49 0 34 7 0 0 0
0 0 0 0 3 10 13 13 31 13 13 21 13 13 13 42 40 13 13 13 13 13 7 0 0 0 3 10 29 13 13 13 13 25 13 31 13 35 0 0 0 0 44 34 11 4 0 0
0 0 0 0 0 3 10 13 13 27 31 30 29 21 21 13 13 13 27 13 13 31 11 4 0 0 0 6 13 13 13 21 13 13 13 13 13 35 0 0 0 0 0 37 41 7 0 0
0 0 0 0 0 0 3 8 10 13 13 13 13 13 23 13 13 13 21 13 13 13 13 11 4 0 0 6 13 13 13 13 29 27 31 13 30 42 1 1 1 38 0 0 34 7 0 0
0 0 0 0 0 0 0 0 6 13 13 13 13 13 24 13 13 13 13 13 13 13 13 24 7 0 0 6 13 13 13 22 13 21 13 13 13 13 13 27 13 42 38 36 40 7 0 0
0 0 0 0 0 0 0 0 3 10 13 21 13 22 13 13 13 13 13 13 13 13 13 13 7 0 0 3 10 13 13 13 13 13 13 13 13 27 13 13 13 13 42 40 13 7 0 0
0 0 0 0 0 0 0 0 0 3 10 13 13 13 13 13 13 13 13 13 13 13 29 13 7 0 0 0 3 8 10 13 13 13 13 13 13 13 13 13 13 13 13 13 13 7 0 0
0 0 0 0 0 0 0 0 0 0 6 13 13 13 13 13 13 13 13 25 13 13 13 13 11 4 0 0 0 0 3 8 10 13 13 13 13 13 21 13 27 13 13 13 12 5 0 0
0 0 0 0 0 0 0 0 0 0 6 13 13 13 28 27 13 13 13 13 13 13 23 13 30 7 0 0 0 0 0 0 3 8 10 13 13 13 13 13 13 13 13 12 5 0 0 0
0 0 0 0 0 0 0 0 0 0 6 13 13 13 13 21 13 13 13 13 13 27 13 13 13 11 4 0 0 0 0 0 0 0 3 8 10 13 13 13 23 13 24 7 0 0 0 0
0 0 0 0 0 0 0 0 0 0 6 13 13 13 13 28 13 28 13 13 13 13 13 13 13 13 11 1 4 0 0 0 0 0 0 0 3 10 13 13 13 13 13 7 0 0 0 0
0 0 0 0 0 0 0 0 0 2 9 13 13 32 13 13 27 13 13 13 13 13 30 13 13 13 13 13 11 1 4 0 0 0 0 16 0 6 13 32 13 13 13 11 4 0 0 0
0 0 0 0 0 0 0 0 2 9 13 13 13 13 13 13 13 13 13 13 13 13 21 13 13 13 13 13 29 13 11 4 0 0 0 0 0 6 24 28 22 13 13 13 7 0 0 0
0 0 0 0 0 0 0 2 9 13 13 13 32 13 13 13 13 13 13 13 32 13 13 13 13 43 33 33 41 13 21 11 4 0 0 0 0 6 13 13 13 26 13 13 11 4 0 0
0 0 0 0 0 0 2 9 43 33 33 33 33 33 33 41 26 13 13 13 13 13 13 29 43 39 0 0 37 33 41 32 11 4 0 0 2 9 13 13 30 13 13 13 23 7 0 0
0 0 0 0 0 2 9 43 39 0 0 0 0 0 0 37 41 13 23 30 13 27 13 43 39 0 0 0 48 47 37 41 13 7 0 0 6 13 43 41 13 24 13 13 13 7 0 0
0 0 0 0 0 6 23 35 36 38 0 0 0 0 0 0 34 13 13 13 22 13 43 39 0 0 0 0 0 46 36 40 13 7 0 0 6 43 39 34 30 13 21 13 13 7 0 0
0 0 0 0 0 6 13 35 45 39 0 0 0 0 0 0 34 13 13 13 21 13 35 0 0 0 0 0 0 0 34 13 13 7 0 0 6 42 38 34 13 28 13 27 12 5 0 0
0 0 0 0 0 6 13 35 46 0 0 0 0 0 0 0 34 13 13 13 13 13 42 38 0 0 0 0 0 36 40 13 12 5 0 0 6 13 42 40 13 13 13 13 7 0 0 0
0 0 0 0 2 9 43 39 0 0 0 0 0 0 0 36 40 30 13 27 13 13 23 42 38 0 0 0 0 34 13 13 7 0 0 0 3 10 13 25 22 21 27 13 7 0 0 0
0 0 0 2 9 43 39 44 0 0 0 0 0 0 36 40 13 13 13 13 13 13 27 13 42 38 0 0 44 34 13 27 7 0 0 0 0 3 10 13 13 13 13 13 7 0 0 0
0 0 0 6 32 42 1 38 0 0 36 1 1 1 40 12 8 8 8 8 8 8 8 10 13 42 1 38 36 40 13 12 5 0 0 0 0 0 3 10 13 13 13 13 7 0 0 0
0 0 0 3 10 13 23 42 1 1 40 13 12 8 8 5 0 0 0 0 0 0 0 3 8 10 13 42 40 13 12 5 0 0 0 0 0 0 0 3 8 10 13 12 5 0 0 0
0 0 0 0 3 8 10 13 24 13 13 12 5 0 0 0 0 0 0 0 0 0 0 0 0 3 8 10 23 12 5 0 0 0 2 4 0 0 0 0 0 3 8 5 0 0 0 0
0 0 0 0 0 0 3 8 8 8 8 5 0 0 0 0 0 0 0 0 0 0 0 0 0 0 0 3 8 5 0 0 0 19 18 17 15 0 0 0 0 0 0 0 0 0 0 0
0 0 0 0 0 0 0 0 0 0 0 0 0 0 0 0 0 0 0 0 0 0 0 0 0 0 0 0 0 0 0 0 0 0 20 0 0 16 0 0 0 0 0 0 0 0 0 0
0 0 0 0 0 0 0 0 0 0 0 0 0 0 0 0 0 0 0 0 0 0 0 0 0 0 0 0 0 0 0 0 0 0 0 0 0 0 0 0 0 0 0 0 0 0 0 0